0 0
1 0 0
0 0 0 0
      862       218   1 
 
    1     0.000000     2.000000 
    2     0.000000     0.000000 
    3     0.000000     1.900000 
    4     0.000000     1.800000 
    5     0.000000     1.700000 
    6     0.000000     1.600000 
    7     0.000000     1.500000 
    8     0.000000     1.400000 
    9     0.000000     1.300000 
   10     0.000000     1.200000 
   11     0.000000     1.100000 
   12     0.000000     1.000000 
   13     0.000000     0.900000 
   14     0.000000     0.800000 
   15     0.000000     0.700000 
   16     0.000000     0.600000 
   17     0.000000     0.500000 
   18     0.000000     0.400000 
   19     0.000000     0.300000 
   20     0.000000     0.200000 
   21     0.000000     0.100000 
   22     0.100000     1.900000 
   23     0.025000     1.975000 
   24     0.050000     1.950000 
   25     0.075000     1.925000 
   26     0.100000     0.100000 
   27     0.100000     0.190000 
   28     0.100000     0.280000 
   29     0.100000     0.370000 
   30     0.100000     0.460000 
   31     0.100000     0.550000 
   32     0.100000     0.640000 
   33     0.100000     0.730000 
   34     0.100000     0.820000 
   35     0.100000     0.910000 
   36     0.100000     1.000000 
   37     0.100000     1.090000 
   38     0.100000     1.180000 
   39     0.100000     1.270000 
   40     0.100000     1.360000 
   41     0.100000     1.450000 
   42     0.100000     1.540000 
   43     0.100000     1.630000 
   44     0.100000     1.720000 
   45     0.100000     1.810000 
   46     0.025000     0.025000 
   47     0.050000     0.050000 
   48     0.075000     0.075000 
   49     0.050000     0.145000 
   50     0.025000     0.220000 
   51     0.050000     0.240000 
   52     0.075000     0.260000 
   53     0.050000     0.335000 
   54     0.025000     0.415000 
   55     0.050000     0.430000 
   56     0.075000     0.445000 
   57     0.050000     0.525000 
   58     0.025000     0.610000 
   59     0.050000     0.620000 
   60     0.075000     0.630000 
   61     0.050000     0.715000 
   62     0.025000     0.805000 
   63     0.050000     0.810000 
   64     0.075000     0.815000 
   65     0.050000     0.905000 
   66     0.025000     1.000000 
   67     0.050000     1.000000 
   68     0.075000     1.000000 
   69     0.050000     1.095000 
   70     0.025000     1.195000 
   71     0.050000     1.190000 
   72     0.075000     1.185000 
   73     0.050000     1.285000 
   74     0.025000     1.390000 
   75     0.050000     1.380000 
   76     0.075000     1.370000 
   77     0.050000     1.475000 
   78     0.025000     1.585000 
   79     0.050000     1.570000 
   80     0.075000     1.555000 
   81     0.050000     1.665000 
   82     0.025000     1.780000 
   83     0.050000     1.760000 
   84     0.075000     1.740000 
   85     0.050000     1.855000 
   86     8.900000     0.100000 
   87     8.900000     1.900000 
   88     8.900000     0.190000 
   89     8.900000     0.280000 
   90     8.900000     0.370000 
   91     8.900000     0.460000 
   92     8.900000     0.550000 
   93     8.900000     0.640000 
   94     8.900000     0.730000 
   95     8.900000     0.820000 
   96     8.900000     0.910000 
   97     8.900000     1.000000 
   98     8.900000     1.090000 
   99     8.900000     1.180000 
  100     8.900000     1.270000 
  101     8.900000     1.360000 
  102     8.900000     1.450000 
  103     8.900000     1.540000 
  104     8.900000     1.630000 
  105     8.900000     1.720000 
  106     8.900000     1.810000 
  107     9.000000     2.000000 
  108     8.975000     1.975000 
  109     8.950000     1.950000 
  110     8.925000     1.925000 
  111     9.000000     0.000000 
  112     9.000000     0.100000 
  113     9.000000     0.200000 
  114     9.000000     0.300000 
  115     9.000000     0.400000 
  116     9.000000     0.500000 
  117     9.000000     0.600000 
  118     9.000000     0.700000 
  119     9.000000     0.800000 
  120     9.000000     0.900000 
  121     9.000000     1.000000 
  122     9.000000     1.100000 
  123     9.000000     1.200000 
  124     9.000000     1.300000 
  125     9.000000     1.400000 
  126     9.000000     1.500000 
  127     9.000000     1.600000 
  128     9.000000     1.700000 
  129     9.000000     1.800000 
  130     9.000000     1.900000 
  131     8.975000     0.025000 
  132     8.950000     0.050000 
  133     8.925000     0.075000 
  134     8.950000     0.145000 
  135     8.925000     0.260000 
  136     8.950000     0.240000 
  137     8.975000     0.220000 
  138     8.950000     0.335000 
  139     8.925000     0.445000 
  140     8.950000     0.430000 
  141     8.975000     0.415000 
  142     8.950000     0.525000 
  143     8.925000     0.630000 
  144     8.950000     0.620000 
  145     8.975000     0.610000 
  146     8.950000     0.715000 
  147     8.925000     0.815000 
  148     8.950000     0.810000 
  149     8.975000     0.805000 
  150     8.950000     0.905000 
  151     8.925000     1.000000 
  152     8.950000     1.000000 
  153     8.975000     1.000000 
  154     8.950000     1.095000 
  155     8.925000     1.185000 
  156     8.950000     1.190000 
  157     8.975000     1.195000 
  158     8.950000     1.285000 
  159     8.925000     1.370000 
  160     8.950000     1.380000 
  161     8.975000     1.390000 
  162     8.950000     1.475000 
  163     8.925000     1.555000 
  164     8.950000     1.570000 
  165     8.975000     1.585000 
  166     8.950000     1.665000 
  167     8.925000     1.740000 
  168     8.950000     1.760000 
  169     8.975000     1.780000 
  170     8.950000     1.855000 
  171     5.050000     1.900000 
  172     5.050000     0.100000 
  173     5.050000     1.810000 
  174     5.050000     1.720000 
  175     5.050000     1.630000 
  176     5.050000     1.540000 
  177     5.050000     1.450000 
  178     5.050000     1.360000 
  179     5.050000     1.270000 
  180     5.050000     1.180000 
  181     5.050000     1.090000 
  182     5.050000     1.000000 
  183     5.050000     0.910000 
  184     5.050000     0.820000 
  185     5.050000     0.730000 
  186     5.050000     0.640000 
  187     5.050000     0.550000 
  188     5.050000     0.460000 
  189     5.050000     0.370000 
  190     5.050000     0.280000 
  191     5.050000     0.190000 
  192     5.000000     0.100000 
  193     5.012500     0.100000 
  194     5.025000     0.100000 
  195     5.037500     0.100000 
  196     5.000000     1.900000 
  197     5.000000     0.190000 
  198     5.000000     0.280000 
  199     5.000000     0.370000 
  200     5.000000     0.460000 
  201     5.000000     0.550000 
  202     5.000000     0.640000 
  203     5.000000     0.730000 
  204     5.000000     0.820000 
  205     5.000000     0.910000 
  206     5.000000     1.000000 
  207     5.000000     1.090000 
  208     5.000000     1.180000 
  209     5.000000     1.270000 
  210     5.000000     1.360000 
  211     5.000000     1.450000 
  212     5.000000     1.540000 
  213     5.000000     1.630000 
  214     5.000000     1.720000 
  215     5.000000     1.810000 
  216     5.012500     1.900000 
  217     5.025000     1.900000 
  218     5.037500     1.900000 
  219     5.025000     1.810000 
  220     5.037500     1.720000 
  221     5.025000     1.720000 
  222     5.012500     1.720000 
  223     5.025000     1.630000 
  224     5.037500     1.540000 
  225     5.025000     1.540000 
  226     5.012500     1.540000 
  227     5.025000     1.450000 
  228     5.037500     1.360000 
  229     5.025000     1.360000 
  230     5.012500     1.360000 
  231     5.025000     1.270000 
  232     5.037500     1.180000 
  233     5.025000     1.180000 
  234     5.012500     1.180000 
  235     5.025000     1.090000 
  236     5.037500     1.000000 
  237     5.025000     1.000000 
  238     5.012500     1.000000 
  239     5.025000     0.910000 
  240     5.037500     0.820000 
  241     5.025000     0.820000 
  242     5.012500     0.820000 
  243     5.025000     0.730000 
  244     5.037500     0.640000 
  245     5.025000     0.640000 
  246     5.012500     0.640000 
  247     5.025000     0.550000 
  248     5.037500     0.460000 
  249     5.025000     0.460000 
  250     5.012500     0.460000 
  251     5.025000     0.370000 
  252     5.037500     0.280000 
  253     5.025000     0.280000 
  254     5.012500     0.280000 
  255     5.025000     0.190000 
  256     2.000000     1.900000 
  257     0.195000     1.900000 
  258     0.290000     1.900000 
  259     0.385000     1.900000 
  260     0.480000     1.900000 
  261     0.575000     1.900000 
  262     0.670000     1.900000 
  263     0.765000     1.900000 
  264     0.860000     1.900000 
  265     0.955000     1.900000 
  266     1.050000     1.900000 
  267     1.145000     1.900000 
  268     1.240000     1.900000 
  269     1.335000     1.900000 
  270     1.430000     1.900000 
  271     1.525000     1.900000 
  272     1.620000     1.900000 
  273     1.715000     1.900000 
  274     1.810000     1.900000 
  275     1.905000     1.900000 
  276     2.000000     2.000000 
  277     1.900000     2.000000 
  278     1.800000     2.000000 
  279     1.700000     2.000000 
  280     1.600000     2.000000 
  281     1.500000     2.000000 
  282     1.400000     2.000000 
  283     1.300000     2.000000 
  284     1.200000     2.000000 
  285     1.100000     2.000000 
  286     1.000000     2.000000 
  287     0.900000     2.000000 
  288     0.800000     2.000000 
  289     0.700000     2.000000 
  290     0.600000     2.000000 
  291     0.500000     2.000000 
  292     0.400000     2.000000 
  293     0.300000     2.000000 
  294     0.200000     2.000000 
  295     0.100000     2.000000 
  296     2.000000     1.925000 
  297     2.000000     1.950000 
  298     2.000000     1.975000 
  299     1.902500     1.950000 
  300     1.807500     1.925000 
  301     1.805000     1.950000 
  302     1.802500     1.975000 
  303     1.707500     1.950000 
  304     1.615000     1.925000 
  305     1.610000     1.950000 
  306     1.605000     1.975000 
  307     1.512500     1.950000 
  308     1.422500     1.925000 
  309     1.415000     1.950000 
  310     1.407500     1.975000 
  311     1.317500     1.950000 
  312     1.230000     1.925000 
  313     1.220000     1.950000 
  314     1.210000     1.975000 
  315     1.122500     1.950000 
  316     1.037500     1.925000 
  317     1.025000     1.950000 
  318     1.012500     1.975000 
  319     0.927500     1.950000 
  320     0.845000     1.925000 
  321     0.830000     1.950000 
  322     0.815000     1.975000 
  323     0.732500     1.950000 
  324     0.652500     1.925000 
  325     0.635000     1.950000 
  326     0.617500     1.975000 
  327     0.537500     1.950000 
  328     0.460000     1.925000 
  329     0.440000     1.950000 
  330     0.420000     1.975000 
  331     0.342500     1.950000 
  332     0.267500     1.925000 
  333     0.245000     1.950000 
  334     0.222500     1.975000 
  335     0.147500     1.950000 
  336     2.000000     0.000000 
  337     0.144930     0.000000 
  338     0.289860     0.000000 
  339     0.420478     0.000000 
  340     0.551097     0.000000 
  341     0.668817     0.000000 
  342     0.786536     0.000000 
  343     0.892631     0.000000 
  344     0.998726     0.000000 
  345     1.094345     0.000000 
  346     1.189963     0.000000 
  347     1.276139     0.000000 
  348     1.362315     0.000000 
  349     1.439981     0.000000 
  350     1.517647     0.000000 
  351     1.587644     0.000000 
  352     1.657640     0.000000 
  353     1.720725     0.000000 
  354     1.783809     0.000000 
  355     1.840664     0.000000 
  356     1.897519     0.000000 
  357     1.948759     0.000000 
  358     2.000000     0.100000 
  359     0.237684     0.100000 
  360     0.375367     0.100000 
  361     0.499455     0.100000 
  362     0.623542     0.100000 
  363     0.735376     0.100000 
  364     0.847210     0.100000 
  365     0.948000     0.100000 
  366     1.048790     0.100000 
  367     1.139627     0.100000 
  368     1.230465     0.100000 
  369     1.312332     0.100000 
  370     1.394199     0.100000 
  371     1.467982     0.100000 
  372     1.541765     0.100000 
  373     1.608261     0.100000 
  374     1.674758     0.100000 
  375     1.734688     0.100000 
  376     1.794619     0.100000 
  377     1.848631     0.100000 
  378     1.902643     0.100000 
  379     1.951322     0.100000 
  380     2.000000     0.075000 
  381     2.000000     0.050000 
  382     2.000000     0.025000 
  383     1.950040     0.050000 
  384     1.898800     0.025000 
  385     1.900081     0.050000 
  386     1.901362     0.075000 
  387     1.844647     0.050000 
  388     1.786512     0.025000 
  389     1.789214     0.050000 
  390     1.791916     0.075000 
  391     1.727707     0.050000 
  392     1.661920     0.025000 
  393     1.666199     0.050000 
  394     1.670479     0.075000 
  395     1.597952     0.050000 
  396     1.523676     0.025000 
  397     1.529706     0.050000 
  398     1.535735     0.075000 
  399     1.453981     0.050000 
  400     1.370286     0.025000 
  401     1.378257     0.050000 
  402     1.386228     0.075000 
  403     1.294235     0.050000 
  404     1.200088     0.025000 
  405     1.210214     0.050000 
  406     1.220339     0.075000 
  407     1.116986     0.050000 
  408     1.011242     0.025000 
  409     1.023758     0.050000 
  410     1.036274     0.075000 
  411     0.920316     0.050000 
  412     0.801705     0.025000 
  413     0.816873     0.050000 
  414     0.832041     0.075000 
  415     0.702096     0.050000 
  416     0.569208     0.025000 
  417     0.587319     0.050000 
  418     0.605431     0.075000 
  419     0.459967     0.050000 
  420     0.311237     0.025000 
  421     0.332614     0.050000 
  422     0.353990     0.075000 
  423     0.191307     0.050000 
  424     2.050000     1.900000 
  425     2.197500     1.900000 
  426     2.345000     1.900000 
  427     2.492500     1.900000 
  428     2.640000     1.900000 
  429     2.787500     1.900000 
  430     2.935000     1.900000 
  431     3.082500     1.900000 
  432     3.230000     1.900000 
  433     3.377500     1.900000 
  434     3.525000     1.900000 
  435     3.672500     1.900000 
  436     3.820000     1.900000 
  437     3.967500     1.900000 
  438     4.115000     1.900000 
  439     4.262500     1.900000 
  440     4.410000     1.900000 
  441     4.557500     1.900000 
  442     4.705000     1.900000 
  443     4.852500     1.900000 
  444     2.050000     2.000000 
  445     2.050000     1.925000 
  446     2.050000     1.950000 
  447     2.050000     1.975000 
  448     5.000000     2.000000 
  449     4.852500     2.000000 
  450     4.705000     2.000000 
  451     4.557500     2.000000 
  452     4.410000     2.000000 
  453     4.262500     2.000000 
  454     4.115000     2.000000 
  455     3.967500     2.000000 
  456     3.820000     2.000000 
  457     3.672500     2.000000 
  458     3.525000     2.000000 
  459     3.377500     2.000000 
  460     3.230000     2.000000 
  461     3.082500     2.000000 
  462     2.935000     2.000000 
  463     2.787500     2.000000 
  464     2.640000     2.000000 
  465     2.492500     2.000000 
  466     2.345000     2.000000 
  467     2.197500     2.000000 
  468     5.000000     1.975000 
  469     5.000000     1.950000 
  470     5.000000     1.925000 
  471     4.852500     1.950000 
  472     4.705000     1.925000 
  473     4.705000     1.950000 
  474     4.705000     1.975000 
  475     4.557500     1.950000 
  476     4.410000     1.925000 
  477     4.410000     1.950000 
  478     4.410000     1.975000 
  479     4.262500     1.950000 
  480     4.115000     1.925000 
  481     4.115000     1.950000 
  482     4.115000     1.975000 
  483     3.967500     1.950000 
  484     3.820000     1.925000 
  485     3.820000     1.950000 
  486     3.820000     1.975000 
  487     3.672500     1.950000 
  488     3.525000     1.925000 
  489     3.525000     1.950000 
  490     3.525000     1.975000 
  491     3.377500     1.950000 
  492     3.230000     1.925000 
  493     3.230000     1.950000 
  494     3.230000     1.975000 
  495     3.082500     1.950000 
  496     2.935000     1.925000 
  497     2.935000     1.950000 
  498     2.935000     1.975000 
  499     2.787500     1.950000 
  500     2.640000     1.925000 
  501     2.640000     1.950000 
  502     2.640000     1.975000 
  503     2.492500     1.950000 
  504     2.345000     1.925000 
  505     2.345000     1.950000 
  506     2.345000     1.975000 
  507     2.197500     1.950000 
  508     8.707500     0.100000 
  509     8.515000     0.100000 
  510     8.322500     0.100000 
  511     8.130000     0.100000 
  512     7.937500     0.100000 
  513     7.745000     0.100000 
  514     7.552500     0.100000 
  515     7.360000     0.100000 
  516     7.167500     0.100000 
  517     6.975000     0.100000 
  518     6.782500     0.100000 
  519     6.590000     0.100000 
  520     6.397500     0.100000 
  521     6.205000     0.100000 
  522     6.012500     0.100000 
  523     5.820000     0.100000 
  524     5.627500     0.100000 
  525     5.435000     0.100000 
  526     5.242500     0.100000 
  527     5.050000     0.000000 
  528     8.802500     0.000000 
  529     8.605000     0.000000 
  530     8.407500     0.000000 
  531     8.210000     0.000000 
  532     8.012500     0.000000 
  533     7.815000     0.000000 
  534     7.617500     0.000000 
  535     7.420000     0.000000 
  536     7.222500     0.000000 
  537     7.025000     0.000000 
  538     6.827500     0.000000 
  539     6.630000     0.000000 
  540     6.432500     0.000000 
  541     6.235000     0.000000 
  542     6.037500     0.000000 
  543     5.840000     0.000000 
  544     5.642500     0.000000 
  545     5.445000     0.000000 
  546     5.247500     0.000000 
  547     5.050000     0.075000 
  548     5.050000     0.050000 
  549     5.050000     0.025000 
  550     5.245000     0.050000 
  551     5.437500     0.075000 
  552     5.440000     0.050000 
  553     5.442500     0.025000 
  554     5.635000     0.050000 
  555     5.825000     0.075000 
  556     5.830000     0.050000 
  557     5.835000     0.025000 
  558     6.025000     0.050000 
  559     6.212500     0.075000 
  560     6.220000     0.050000 
  561     6.227500     0.025000 
  562     6.415000     0.050000 
  563     6.600000     0.075000 
  564     6.610000     0.050000 
  565     6.620000     0.025000 
  566     6.805000     0.050000 
  567     6.987500     0.075000 
  568     7.000000     0.050000 
  569     7.012500     0.025000 
  570     7.195000     0.050000 
  571     7.375000     0.075000 
  572     7.390000     0.050000 
  573     7.405000     0.025000 
  574     7.585000     0.050000 
  575     7.762500     0.075000 
  576     7.780000     0.050000 
  577     7.797500     0.025000 
  578     7.975000     0.050000 
  579     8.150000     0.075000 
  580     8.170000     0.050000 
  581     8.190000     0.025000 
  582     8.365000     0.050000 
  583     8.537500     0.075000 
  584     8.560000     0.050000 
  585     8.582500     0.025000 
  586     8.755000     0.050000 
  587     8.707500     1.900000 
  588     8.515000     1.900000 
  589     8.322500     1.900000 
  590     8.130000     1.900000 
  591     7.937500     1.900000 
  592     7.745000     1.900000 
  593     7.552500     1.900000 
  594     7.360000     1.900000 
  595     7.167500     1.900000 
  596     6.975000     1.900000 
  597     6.782500     1.900000 
  598     6.590000     1.900000 
  599     6.397500     1.900000 
  600     6.205000     1.900000 
  601     6.012500     1.900000 
  602     5.820000     1.900000 
  603     5.627500     1.900000 
  604     5.435000     1.900000 
  605     5.242500     1.900000 
  606     5.050000     2.000000 
  607     5.050000     1.925000 
  608     5.050000     1.950000 
  609     5.050000     1.975000 
  610     8.802500     2.000000 
  611     8.605000     2.000000 
  612     8.407500     2.000000 
  613     8.210000     2.000000 
  614     8.012500     2.000000 
  615     7.815000     2.000000 
  616     7.617500     2.000000 
  617     7.420000     2.000000 
  618     7.222500     2.000000 
  619     7.025000     2.000000 
  620     6.827500     2.000000 
  621     6.630000     2.000000 
  622     6.432500     2.000000 
  623     6.235000     2.000000 
  624     6.037500     2.000000 
  625     5.840000     2.000000 
  626     5.642500     2.000000 
  627     5.445000     2.000000 
  628     5.247500     2.000000 
  629     8.582500     1.975000 
  630     8.190000     1.975000 
  631     7.797500     1.975000 
  632     7.405000     1.975000 
  633     7.012500     1.975000 
  634     6.620000     1.975000 
  635     6.227500     1.975000 
  636     5.835000     1.975000 
  637     5.442500     1.975000 
  638     8.755000     1.950000 
  639     8.560000     1.950000 
  640     8.365000     1.950000 
  641     8.170000     1.950000 
  642     7.975000     1.950000 
  643     7.780000     1.950000 
  644     7.585000     1.950000 
  645     7.390000     1.950000 
  646     7.195000     1.950000 
  647     7.000000     1.950000 
  648     6.805000     1.950000 
  649     6.610000     1.950000 
  650     6.415000     1.950000 
  651     6.220000     1.950000 
  652     6.025000     1.950000 
  653     5.830000     1.950000 
  654     5.635000     1.950000 
  655     5.440000     1.950000 
  656     5.245000     1.950000 
  657     8.537500     1.925000 
  658     8.150000     1.925000 
  659     7.762500     1.925000 
  660     7.375000     1.925000 
  661     6.987500     1.925000 
  662     6.600000     1.925000 
  663     6.212500     1.925000 
  664     5.825000     1.925000 
  665     5.437500     1.925000 
  666     5.000000     0.000000 
  667     2.050000     0.000000 
  668     4.852500     0.000000 
  669     4.705000     0.000000 
  670     4.557500     0.000000 
  671     4.410000     0.000000 
  672     4.262500     0.000000 
  673     4.115000     0.000000 
  674     3.967500     0.000000 
  675     3.820000     0.000000 
  676     3.672500     0.000000 
  677     3.525000     0.000000 
  678     3.377500     0.000000 
  679     3.230000     0.000000 
  680     3.082500     0.000000 
  681     2.935000     0.000000 
  682     2.787500     0.000000 
  683     2.640000     0.000000 
  684     2.492500     0.000000 
  685     2.345000     0.000000 
  686     2.197500     0.000000 
  687     2.050000     0.100000 
  688     2.050000     0.075000 
  689     2.050000     0.050000 
  690     2.050000     0.025000 
  691     2.197500     0.100000 
  692     2.345000     0.100000 
  693     2.492500     0.100000 
  694     2.640000     0.100000 
  695     2.787500     0.100000 
  696     2.935000     0.100000 
  697     3.082500     0.100000 
  698     3.230000     0.100000 
  699     3.377500     0.100000 
  700     3.525000     0.100000 
  701     3.672500     0.100000 
  702     3.820000     0.100000 
  703     3.967500     0.100000 
  704     4.115000     0.100000 
  705     4.262500     0.100000 
  706     4.410000     0.100000 
  707     4.557500     0.100000 
  708     4.705000     0.100000 
  709     4.852500     0.100000 
  710     5.000000     0.075000 
  711     5.000000     0.050000 
  712     5.000000     0.025000 
  713     4.852500     0.050000 
  714     4.705000     0.025000 
  715     4.705000     0.050000 
  716     4.705000     0.075000 
  717     4.557500     0.050000 
  718     4.410000     0.025000 
  719     4.410000     0.050000 
  720     4.410000     0.075000 
  721     4.262500     0.050000 
  722     4.115000     0.025000 
  723     4.115000     0.050000 
  724     4.115000     0.075000 
  725     3.967500     0.050000 
  726     3.820000     0.025000 
  727     3.820000     0.050000 
  728     3.820000     0.075000 
  729     3.672500     0.050000 
  730     3.525000     0.025000 
  731     3.525000     0.050000 
  732     3.525000     0.075000 
  733     3.377500     0.050000 
  734     3.230000     0.025000 
  735     3.230000     0.050000 
  736     3.230000     0.075000 
  737     3.082500     0.050000 
  738     2.935000     0.025000 
  739     2.935000     0.050000 
  740     2.935000     0.075000 
  741     2.787500     0.050000 
  742     2.640000     0.025000 
  743     2.640000     0.050000 
  744     2.640000     0.075000 
  745     2.492500     0.050000 
  746     2.345000     0.025000 
  747     2.345000     0.050000 
  748     2.345000     0.075000 
  749     2.197500     0.050000 
  750     2.050000     1.810000 
  751     2.050000     1.720000 
  752     2.050000     1.630000 
  753     2.050000     1.540000 
  754     2.050000     1.450000 
  755     2.050000     1.360000 
  756     2.050000     1.270000 
  757     2.050000     1.180000 
  758     2.050000     1.090000 
  759     2.050000     1.000000 
  760     2.050000     0.910000 
  761     2.050000     0.820000 
  762     2.050000     0.730000 
  763     2.050000     0.640000 
  764     2.050000     0.550000 
  765     2.050000     0.460000 
  766     2.050000     0.370000 
  767     2.050000     0.280000 
  768     2.050000     0.190000 
  769     2.012500     0.100000 
  770     2.025000     0.100000 
  771     2.037500     0.100000 
  772     2.000000     0.190000 
  773     2.000000     0.280000 
  774     2.000000     0.370000 
  775     2.000000     0.460000 
  776     2.000000     0.550000 
  777     2.000000     0.640000 
  778     2.000000     0.730000 
  779     2.000000     0.820000 
  780     2.000000     0.910000 
  781     2.000000     1.000000 
  782     2.000000     1.090000 
  783     2.000000     1.180000 
  784     2.000000     1.270000 
  785     2.000000     1.360000 
  786     2.000000     1.450000 
  787     2.000000     1.540000 
  788     2.000000     1.630000 
  789     2.000000     1.720000 
  790     2.000000     1.810000 
  791     2.012500     1.900000 
  792     2.025000     1.900000 
  793     2.037500     1.900000 
  794     2.025000     1.810000 
  795     2.037500     1.720000 
  796     2.025000     1.720000 
  797     2.012500     1.720000 
  798     2.025000     1.630000 
  799     2.037500     1.540000 
  800     2.025000     1.540000 
  801     2.012500     1.540000 
  802     2.025000     1.450000 
  803     2.037500     1.360000 
  804     2.025000     1.360000 
  805     2.012500     1.360000 
  806     2.025000     1.270000 
  807     2.037500     1.180000 
  808     2.025000     1.180000 
  809     2.012500     1.180000 
  810     2.025000     1.090000 
  811     2.037500     1.000000 
  812     2.025000     1.000000 
  813     2.012500     1.000000 
  814     2.025000     0.910000 
  815     2.037500     0.820000 
  816     2.025000     0.820000 
  817     2.012500     0.820000 
  818     2.025000     0.730000 
  819     2.037500     0.640000 
  820     2.025000     0.640000 
  821     2.012500     0.640000 
  822     2.025000     0.550000 
  823     2.037500     0.460000 
  824     2.025000     0.460000 
  825     2.012500     0.460000 
  826     2.025000     0.370000 
  827     2.037500     0.280000 
  828     2.025000     0.280000 
  829     2.012500     0.280000 
  830     2.025000     0.190000 
  831     5.012500     2.000000 
  832     5.025000     2.000000 
  833     5.037500     2.000000 
  834     5.025000     1.925000 
  835     5.012500     1.950000 
  836     5.025000     1.950000 
  837     5.037500     1.950000 
  838     5.025000     1.975000 
  839     5.012500     0.000000 
  840     5.025000     0.000000 
  841     5.037500     0.000000 
  842     5.025000     0.075000 
  843     5.037500     0.050000 
  844     5.025000     0.050000 
  845     5.012500     0.050000 
  846     5.025000     0.025000 
  847     2.012500     2.000000 
  848     2.025000     2.000000 
  849     2.037500     2.000000 
  850     2.025000     1.925000 
  851     2.012500     1.950000 
  852     2.025000     1.950000 
  853     2.037500     1.950000 
  854     2.025000     1.975000 
  855     2.012500     0.000000 
  856     2.025000     0.000000 
  857     2.037500     0.000000 
  858     2.025000     0.075000 
  859     2.037500     0.050000 
  860     2.025000     0.050000 
  861     2.012500     0.050000 
  862     2.025000     0.025000 
 
    1    20     2    47    51    21    46    49    50     0 
    2    18    20    51    55    19    50    53    54     0 
    3    16    18    55    59    17    54    57    58     0 
    4    14    16    59    63    15    58    61    62     0 
    5    12    14    63    67    13    62    65    66     0 
    6    10    12    67    71    11    66    69    70     0 
    7     8    10    71    75     9    70    73    74     0 
    8     6     8    75    79     7    74    77    78     0 
    9     4     6    79    83     5    78    81    82     0 
   10     1     4    83    24     3    82    85    23     0 
   11    51    47    26    28    49    48    27    52     0 
   12    55    51    28    30    53    52    29    56     0 
   13    59    55    30    32    57    56    31    60     0 
   14    63    59    32    34    61    60    33    64     0 
   15    67    63    34    36    65    64    35    68     0 
   16    71    67    36    38    69    68    37    72     0 
   17    75    71    38    40    73    72    39    76     0 
   18    79    75    40    42    77    76    41    80     0 
   19    83    79    42    44    81    80    43    84     0 
   20    24    83    44    22    85    84    45    25     0 
   21    89    86   132   136    88   133   134   135     0 
   22    91    89   136   140    90   135   138   139     0 
   23    93    91   140   144    92   139   142   143     0 
   24    95    93   144   148    94   143   146   147     0 
   25    97    95   148   152    96   147   150   151     0 
   26    99    97   152   156    98   151   154   155     0 
   27   101    99   156   160   100   155   158   159     0 
   28   103   101   160   164   102   159   162   163     0 
   29   105   103   164   168   104   163   166   167     0 
   30    87   105   168   109   106   167   170   110     0 
   31   136   132   111   113   134   131   112   137     0 
   32   140   136   113   115   138   137   114   141     0 
   33   144   140   115   117   142   141   116   145     0 
   34   148   144   117   119   146   145   118   149     0 
   35   152   148   119   121   150   149   120   153     0 
   36   156   152   121   123   154   153   122   157     0 
   37   160   156   123   125   158   157   124   161     0 
   38   164   160   125   127   162   161   126   165     0 
   39   168   164   127   129   166   165   128   169     0 
   40   109   168   129   107   170   169   130   108     0 
   41   174   171   217   221   173   218   219   220     0 
   42   176   174   221   225   175   220   223   224     0 
   43   178   176   225   229   177   224   227   228     0 
   44   180   178   229   233   179   228   231   232     0 
   45   182   180   233   237   181   232   235   236     0 
   46   184   182   237   241   183   236   239   240     0 
   47   186   184   241   245   185   240   243   244     0 
   48   188   186   245   249   187   244   247   248     0 
   49   190   188   249   253   189   248   251   252     0 
   50   172   190   253   194   191   252   255   195     0 
   51   221   217   196   214   219   216   215   222     0 
   52   225   221   214   212   223   222   213   226     0 
   53   229   225   212   210   227   226   211   230     0 
   54   233   229   210   208   231   230   209   234     0 
   55   237   233   208   206   235   234   207   238     0 
   56   241   237   206   204   239   238   205   242     0 
   57   245   241   204   202   243   242   203   246     0 
   58   249   245   202   200   247   246   201   250     0 
   59   253   249   200   198   251   250   199   254     0 
   60   194   253   198   192   255   254   197   193     0 
   61   274   256   297   301   275   296   299   300     0 
   62   272   274   301   305   273   300   303   304     0 
   63   270   272   305   309   271   304   307   308     0 
   64   268   270   309   313   269   308   311   312     0 
   65   266   268   313   317   267   312   315   316     0 
   66   264   266   317   321   265   316   319   320     0 
   67   262   264   321   325   263   320   323   324     0 
   68   260   262   325   329   261   324   327   328     0 
   69   258   260   329   333   259   328   331   332     0 
   70    22   258   333    24   257   332   335    25     0 
   71   301   297   276   278   299   298   277   302     0 
   72   305   301   278   280   303   302   279   306     0 
   73   309   305   280   282   307   306   281   310     0 
   74   313   309   282   284   311   310   283   314     0 
   75   317   313   284   286   315   314   285   318     0 
   76   321   317   286   288   319   318   287   322     0 
   77   325   321   288   290   323   322   289   326     0 
   78   329   325   290   292   327   326   291   330     0 
   79   333   329   292   294   331   330   293   334     0 
   80    24   333   294     1   335   334   295    23     0 
   81   356   336   381   385   357   382   383   384     0 
   82   354   356   385   389   355   384   387   388     0 
   83   352   354   389   393   353   388   391   392     0 
   84   350   352   393   397   351   392   395   396     0 
   85   348   350   397   401   349   396   399   400     0 
   86   346   348   401   405   347   400   403   404     0 
   87   344   346   405   409   345   404   407   408     0 
   88   342   344   409   413   343   408   411   412     0 
   89   340   342   413   417   341   412   415   416     0 
   90   338   340   417   421   339   416   419   420     0 
   91     2   338   421    47   337   420   423    46     0 
   92   385   381   358   378   383   380   379   386     0 
   93   389   385   378   376   387   386   377   390     0 
   94   393   389   376   374   391   390   375   394     0 
   95   397   393   374   372   395   394   373   398     0 
   96   401   397   372   370   399   398   371   402     0 
   97   405   401   370   368   403   402   369   406     0 
   98   409   405   368   366   407   406   367   410     0 
   99   413   409   366   364   411   410   365   414     0 
  100   417   413   364   362   415   414   363   418     0 
  101   421   417   362   360   419   418   361   422     0 
  102    47   421   360    26   423   422   359    48     0 
  103   442   196   469   473   443   470   471   472     0 
  104   440   442   473   477   441   472   475   476     0 
  105   438   440   477   481   439   476   479   480     0 
  106   436   438   481   485   437   480   483   484     0 
  107   434   436   485   489   435   484   487   488     0 
  108   432   434   489   493   433   488   491   492     0 
  109   430   432   493   497   431   492   495   496     0 
  110   428   430   497   501   429   496   499   500     0 
  111   426   428   501   505   427   500   503   504     0 
  112   424   426   505   446   425   504   507   445     0 
  113   473   469   448   450   471   468   449   474     0 
  114   477   473   450   452   475   474   451   478     0 
  115   481   477   452   454   479   478   453   482     0 
  116   485   481   454   456   483   482   455   486     0 
  117   489   485   456   458   487   486   457   490     0 
  118   493   489   458   460   491   490   459   494     0 
  119   497   493   460   462   495   494   461   498     0 
  120   501   497   462   464   499   498   463   502     0 
  121   505   501   464   466   503   502   465   506     0 
  122   446   505   466   444   507   506   467   447     0 
  123   525   172   548   552   526   547   550   551     0 
  124   523   525   552   556   524   551   554   555     0 
  125   521   523   556   560   522   555   558   559     0 
  126   519   521   560   564   520   559   562   563     0 
  127   517   519   564   568   518   563   566   567     0 
  128   515   517   568   572   516   567   570   571     0 
  129   513   515   572   576   514   571   574   575     0 
  130   511   513   576   580   512   575   578   579     0 
  131   509   511   580   584   510   579   582   583     0 
  132    86   509   584   132   508   583   586   133     0 
  133   552   548   527   545   550   549   546   553     0 
  134   556   552   545   543   554   553   544   557     0 
  135   560   556   543   541   558   557   542   561     0 
  136   564   560   541   539   562   561   540   565     0 
  137   568   564   539   537   566   565   538   569     0 
  138   572   568   537   535   570   569   536   573     0 
  139   576   572   535   533   574   573   534   577     0 
  140   580   576   533   531   578   577   532   581     0 
  141   584   580   531   529   582   581   530   585     0 
  142   132   584   529   111   586   585   528   131     0 
  143   109   107   611   639   108   610   629   638     0 
  144    87   109   639   588   110   638   657   587     0 
  145   639   611   613   641   629   612   630   640     0 
  146   588   639   641   590   657   640   658   589     0 
  147   641   613   615   643   630   614   631   642     0 
  148   590   641   643   592   658   642   659   591     0 
  149   643   615   617   645   631   616   632   644     0 
  150   592   643   645   594   659   644   660   593     0 
  151   645   617   619   647   632   618   633   646     0 
  152   594   645   647   596   660   646   661   595     0 
  153   647   619   621   649   633   620   634   648     0 
  154   596   647   649   598   661   648   662   597     0 
  155   649   621   623   651   634   622   635   650     0 
  156   598   649   651   600   662   650   663   599     0 
  157   651   623   625   653   635   624   636   652     0 
  158   600   651   653   602   663   652   664   601     0 
  159   653   625   627   655   636   626   637   654     0 
  160   602   653   655   604   664   654   665   603     0 
  161   655   627   606   608   637   628   609   656     0 
  162   604   655   608   171   665   656   607   605     0 
  163   669   666   711   715   668   712   713   714     0 
  164   671   669   715   719   670   714   717   718     0 
  165   673   671   719   723   672   718   721   722     0 
  166   675   673   723   727   674   722   725   726     0 
  167   677   675   727   731   676   726   729   730     0 
  168   679   677   731   735   678   730   733   734     0 
  169   681   679   735   739   680   734   737   738     0 
  170   683   681   739   743   682   738   741   742     0 
  171   685   683   743   747   684   742   745   746     0 
  172   667   685   747   689   686   746   749   690     0 
  173   715   711   192   708   713   710   709   716     0 
  174   719   715   708   706   717   716   707   720     0 
  175   723   719   706   704   721   720   705   724     0 
  176   727   723   704   702   725   724   703   728     0 
  177   731   727   702   700   729   728   701   732     0 
  178   735   731   700   698   733   732   699   736     0 
  179   739   735   698   696   737   736   697   740     0 
  180   743   739   696   694   741   740   695   744     0 
  181   747   743   694   692   745   744   693   748     0 
  182   689   747   692   687   749   748   691   688     0 
  183   751   424   792   796   750   793   794   795     0 
  184   753   751   796   800   752   795   798   799     0 
  185   755   753   800   804   754   799   802   803     0 
  186   757   755   804   808   756   803   806   807     0 
  187   759   757   808   812   758   807   810   811     0 
  188   761   759   812   816   760   811   814   815     0 
  189   763   761   816   820   762   815   818   819     0 
  190   765   763   820   824   764   819   822   823     0 
  191   767   765   824   828   766   823   826   827     0 
  192   687   767   828   770   768   827   830   771     0 
  193   796   792   256   789   794   791   790   797     0 
  194   800   796   789   787   798   797   788   801     0 
  195   804   800   787   785   802   801   786   805     0 
  196   808   804   785   783   806   805   784   809     0 
  197   812   808   783   781   810   809   782   813     0 
  198   816   812   781   779   814   813   780   817     0 
  199   820   816   779   777   818   817   778   821     0 
  200   824   820   777   775   822   821   776   825     0 
  201   828   824   775   773   826   825   774   829     0 
  202   770   828   773   358   830   829   772   769     0 
  203   469   196   217   836   470   216   834   835     0 
  204   448   469   836   832   468   835   838   831     0 
  205   836   217   171   608   834   218   607   837     0 
  206   832   836   608   606   838   837   609   833     0 
  207   548   172   194   844   547   195   842   843     0 
  208   527   548   844   840   549   843   846   841     0 
  209   844   194   192   711   842   193   710   845     0 
  210   840   844   711   666   846   845   712   839     0 
  211   297   256   792   852   296   791   850   851     0 
  212   276   297   852   848   298   851   854   847     0 
  213   852   792   424   446   850   793   445   853     0 
  214   848   852   446   444   854   853   447   849     0 
  215   689   687   770   860   688   771   858   859     0 
  216   667   689   860   856   690   859   862   857     0 
  217   860   770   358   381   858   769   380   861     0 
  218   856   860   381   336   862   861   382   855     0 
1	1	0	0.000000	 540.00	   0.00	   0.00	   0.00	   0.00	   0.00	   0.00	   0.00
2	1	0	0.000000	 540.00	   0.00	   0.00	   0.00	   0.00	   0.00	   0.00	   0.00
3	1	0	0.000000	 540.00	   0.00	   0.00	   0.00	   0.00	   0.00	   0.00	   0.00
4	1	0	0.000000	 540.00	   0.00	   0.00	   0.00	   0.00	   0.00	   0.00	   0.00
5	1	0	0.000000	 540.00	   0.00	   0.00	   0.00	   0.00	   0.00	   0.00	   0.00
6	1	0	0.000000	 540.00	   0.00	   0.00	   0.00	   0.00	   0.00	   0.00	   0.00
7	1	0	0.000000	 540.00	   0.00	   0.00	   0.00	   0.00	   0.00	   0.00	   0.00
8	1	0	0.000000	 540.00	   0.00	   0.00	   0.00	   0.00	   0.00	   0.00	   0.00
9	1	0	0.000000	 540.00	   0.00	   0.00	   0.00	   0.00	   0.00	   0.00	   0.00
10	1	0	0.000000	 540.00	   0.00	   0.00	   0.00	   0.00	   0.00	   0.00	   0.00
11	1	0	0.000000	 540.00	   0.00	   0.00	   0.00	   0.00	   0.00	   0.00	   0.00
12	1	0	0.000000	 540.00	   0.00	   0.00	   0.00	   0.00	   0.00	   0.00	   0.00
13	1	0	0.000000	 540.00	   0.00	   0.00	   0.00	   0.00	   0.00	   0.00	   0.00
14	1	0	0.000000	 540.00	   0.00	   0.00	   0.00	   0.00	   0.00	   0.00	   0.00
15	1	0	0.000000	 540.00	   0.00	   0.00	   0.00	   0.00	   0.00	   0.00	   0.00
16	1	0	0.000000	 540.00	   0.00	   0.00	   0.00	   0.00	   0.00	   0.00	   0.00
17	1	0	0.000000	 540.00	   0.00	   0.00	   0.00	   0.00	   0.00	   0.00	   0.00
18	1	0	0.000000	 540.00	   0.00	   0.00	   0.00	   0.00	   0.00	   0.00	   0.00
19	1	0	0.000000	 540.00	   0.00	   0.00	   0.00	   0.00	   0.00	   0.00	   0.00
20	1	0	0.000000	 540.00	   0.00	   0.00	   0.00	   0.00	   0.00	   0.00	   0.00
21	1	0	0.000000	 540.00	   0.00	   0.00	   0.00	   0.00	   0.00	   0.00	   0.00
22	1	0	0.000000	 540.00	   0.00	   0.00	   0.00	   0.00	   0.00	   0.00	   0.00
23	1	0	0.000000	 540.00	   0.00	   0.00	   0.00	   0.00	   0.00	   0.00	   0.00
24	1	0	0.000000	 540.00	   0.00	   0.00	   0.00	   0.00	   0.00	   0.00	   0.00
25	1	0	0.000000	 540.00	   0.00	   0.00	   0.00	   0.00	   0.00	   0.00	   0.00
26	1	0	0.000000	 540.00	   0.00	   0.00	   0.00	   0.00	   0.00	   0.00	   0.00
27	1	0	0.000000	 540.00	   0.00	   0.00	   0.00	   0.00	   0.00	   0.00	   0.00
28	1	0	0.000000	 540.00	   0.00	   0.00	   0.00	   0.00	   0.00	   0.00	   0.00
29	1	0	0.000000	 540.00	   0.00	   0.00	   0.00	   0.00	   0.00	   0.00	   0.00
30	1	0	0.000000	 540.00	   0.00	   0.00	   0.00	   0.00	   0.00	   0.00	   0.00
31	1	0	0.000000	 540.00	   0.00	   0.00	   0.00	   0.00	   0.00	   0.00	   0.00
32	1	0	0.000000	 540.00	   0.00	   0.00	   0.00	   0.00	   0.00	   0.00	   0.00
33	1	0	0.000000	 540.00	   0.00	   0.00	   0.00	   0.00	   0.00	   0.00	   0.00
34	1	0	0.000000	 540.00	   0.00	   0.00	   0.00	   0.00	   0.00	   0.00	   0.00
35	1	0	0.000000	 540.00	   0.00	   0.00	   0.00	   0.00	   0.00	   0.00	   0.00
36	1	0	0.000000	 540.00	   0.00	   0.00	   0.00	   0.00	   0.00	   0.00	   0.00
37	1	0	0.000000	 540.00	   0.00	   0.00	   0.00	   0.00	   0.00	   0.00	   0.00
38	1	0	0.000000	 540.00	   0.00	   0.00	   0.00	   0.00	   0.00	   0.00	   0.00
39	1	0	0.000000	 540.00	   0.00	   0.00	   0.00	   0.00	   0.00	   0.00	   0.00
40	1	0	0.000000	 540.00	   0.00	   0.00	   0.00	   0.00	   0.00	   0.00	   0.00
41	1	0	0.000000	 540.00	   0.00	   0.00	   0.00	   0.00	   0.00	   0.00	   0.00
42	1	0	0.000000	 540.00	   0.00	   0.00	   0.00	   0.00	   0.00	   0.00	   0.00
43	1	0	0.000000	 540.00	   0.00	   0.00	   0.00	   0.00	   0.00	   0.00	   0.00
44	1	0	0.000000	 540.00	   0.00	   0.00	   0.00	   0.00	   0.00	   0.00	   0.00
45	1	0	0.000000	 540.00	   0.00	   0.00	   0.00	   0.00	   0.00	   0.00	   0.00
46	1	0	0.000000	 540.00	   0.00	   0.00	   0.00	   0.00	   0.00	   0.00	   0.00
47	1	0	0.000000	 540.00	   0.00	   0.00	   0.00	   0.00	   0.00	   0.00	   0.00
48	1	0	0.000000	 540.00	   0.00	   0.00	   0.00	   0.00	   0.00	   0.00	   0.00
49	1	0	0.000000	 540.00	   0.00	   0.00	   0.00	   0.00	   0.00	   0.00	   0.00
50	1	0	0.000000	 540.00	   0.00	   0.00	   0.00	   0.00	   0.00	   0.00	   0.00
51	1	0	0.000000	 540.00	   0.00	   0.00	   0.00	   0.00	   0.00	   0.00	   0.00
52	1	0	0.000000	 540.00	   0.00	   0.00	   0.00	   0.00	   0.00	   0.00	   0.00
53	1	0	0.000000	 540.00	   0.00	   0.00	   0.00	   0.00	   0.00	   0.00	   0.00
54	1	0	0.000000	 540.00	   0.00	   0.00	   0.00	   0.00	   0.00	   0.00	   0.00
55	1	0	0.000000	 540.00	   0.00	   0.00	   0.00	   0.00	   0.00	   0.00	   0.00
56	1	0	0.000000	 540.00	   0.00	   0.00	   0.00	   0.00	   0.00	   0.00	   0.00
57	1	0	0.000000	 540.00	   0.00	   0.00	   0.00	   0.00	   0.00	   0.00	   0.00
58	1	0	0.000000	 540.00	   0.00	   0.00	   0.00	   0.00	   0.00	   0.00	   0.00
59	1	0	0.000000	 540.00	   0.00	   0.00	   0.00	   0.00	   0.00	   0.00	   0.00
60	1	0	0.000000	 540.00	   0.00	   0.00	   0.00	   0.00	   0.00	   0.00	   0.00
61	1	0	0.000000	 540.00	   0.00	   0.00	   0.00	   0.00	   0.00	   0.00	   0.00
62	1	0	0.000000	 540.00	   0.00	   0.00	   0.00	   0.00	   0.00	   0.00	   0.00
63	1	0	0.000000	 540.00	   0.00	   0.00	   0.00	   0.00	   0.00	   0.00	   0.00
64	1	0	0.000000	 540.00	   0.00	   0.00	   0.00	   0.00	   0.00	   0.00	   0.00
65	1	0	0.000000	 540.00	   0.00	   0.00	   0.00	   0.00	   0.00	   0.00	   0.00
66	1	0	0.000000	 540.00	   0.00	   0.00	   0.00	   0.00	   0.00	   0.00	   0.00
67	1	0	0.000000	 540.00	   0.00	   0.00	   0.00	   0.00	   0.00	   0.00	   0.00
68	1	0	0.000000	 540.00	   0.00	   0.00	   0.00	   0.00	   0.00	   0.00	   0.00
69	1	0	0.000000	 540.00	   0.00	   0.00	   0.00	   0.00	   0.00	   0.00	   0.00
70	1	0	0.000000	 540.00	   0.00	   0.00	   0.00	   0.00	   0.00	   0.00	   0.00
71	1	0	0.000000	 540.00	   0.00	   0.00	   0.00	   0.00	   0.00	   0.00	   0.00
72	1	0	0.000000	 540.00	   0.00	   0.00	   0.00	   0.00	   0.00	   0.00	   0.00
73	1	0	0.000000	 540.00	   0.00	   0.00	   0.00	   0.00	   0.00	   0.00	   0.00
74	1	0	0.000000	 540.00	   0.00	   0.00	   0.00	   0.00	   0.00	   0.00	   0.00
75	1	0	0.000000	 540.00	   0.00	   0.00	   0.00	   0.00	   0.00	   0.00	   0.00
76	1	0	0.000000	 540.00	   0.00	   0.00	   0.00	   0.00	   0.00	   0.00	   0.00
77	1	0	0.000000	 540.00	   0.00	   0.00	   0.00	   0.00	   0.00	   0.00	   0.00
78	1	0	0.000000	 540.00	   0.00	   0.00	   0.00	   0.00	   0.00	   0.00	   0.00
79	1	0	0.000000	 540.00	   0.00	   0.00	   0.00	   0.00	   0.00	   0.00	   0.00
80	1	0	0.000000	 540.00	   0.00	   0.00	   0.00	   0.00	   0.00	   0.00	   0.00
81	1	0	0.000000	 540.00	   0.00	   0.00	   0.00	   0.00	   0.00	   0.00	   0.00
82	1	0	0.000000	 540.00	   0.00	   0.00	   0.00	   0.00	   0.00	   0.00	   0.00
83	1	0	0.000000	 540.00	   0.00	   0.00	   0.00	   0.00	   0.00	   0.00	   0.00
84	1	0	0.000000	 540.00	   0.00	   0.00	   0.00	   0.00	   0.00	   0.00	   0.00
85	1	0	0.000000	 540.00	   0.00	   0.00	   0.00	   0.00	   0.00	   0.00	   0.00
86	1	0	0.000000	 540.00	   0.00	   0.00	   0.00	   0.00	   0.00	   0.00	   0.00
87	1	0	0.000000	 540.00	   0.00	   0.00	   0.00	   0.00	   0.00	   0.00	   0.00
88	1	0	0.000000	 540.00	   0.00	   0.00	   0.00	   0.00	   0.00	   0.00	   0.00
89	1	0	0.000000	 540.00	   0.00	   0.00	   0.00	   0.00	   0.00	   0.00	   0.00
90	1	0	0.000000	 540.00	   0.00	   0.00	   0.00	   0.00	   0.00	   0.00	   0.00
91	1	0	0.000000	 540.00	   0.00	   0.00	   0.00	   0.00	   0.00	   0.00	   0.00
92	1	0	0.000000	 540.00	   0.00	   0.00	   0.00	   0.00	   0.00	   0.00	   0.00
93	1	0	0.000000	 540.00	   0.00	   0.00	   0.00	   0.00	   0.00	   0.00	   0.00
94	1	0	0.000000	 540.00	   0.00	   0.00	   0.00	   0.00	   0.00	   0.00	   0.00
95	1	0	0.000000	 540.00	   0.00	   0.00	   0.00	   0.00	   0.00	   0.00	   0.00
96	1	0	0.000000	 540.00	   0.00	   0.00	   0.00	   0.00	   0.00	   0.00	   0.00
97	1	0	0.000000	 540.00	   0.00	   0.00	   0.00	   0.00	   0.00	   0.00	   0.00
98	1	0	0.000000	 540.00	   0.00	   0.00	   0.00	   0.00	   0.00	   0.00	   0.00
99	1	0	0.000000	 540.00	   0.00	   0.00	   0.00	   0.00	   0.00	   0.00	   0.00
100	1	0	0.000000	 540.00	   0.00	   0.00	   0.00	   0.00	   0.00	   0.00	   0.00
101	1	0	0.000000	 540.00	   0.00	   0.00	   0.00	   0.00	   0.00	   0.00	   0.00
102	1	0	0.000000	 540.00	   0.00	   0.00	   0.00	   0.00	   0.00	   0.00	   0.00
103	1	0	0.000000	 540.00	   0.00	   0.00	   0.00	   0.00	   0.00	   0.00	   0.00
104	1	0	0.000000	 540.00	   0.00	   0.00	   0.00	   0.00	   0.00	   0.00	   0.00
105	1	0	0.000000	 540.00	   0.00	   0.00	   0.00	   0.00	   0.00	   0.00	   0.00
106	1	0	0.000000	 540.00	   0.00	   0.00	   0.00	   0.00	   0.00	   0.00	   0.00
107	1	0	0.000000	 540.00	   0.00	   0.00	   0.00	   0.00	   0.00	   0.00	   0.00
108	1	0	0.000000	 540.00	   0.00	   0.00	   0.00	   0.00	   0.00	   0.00	   0.00
109	1	0	0.000000	 540.00	   0.00	   0.00	   0.00	   0.00	   0.00	   0.00	   0.00
110	1	0	0.000000	 540.00	   0.00	   0.00	   0.00	   0.00	   0.00	   0.00	   0.00
111	1	0	0.000000	 540.00	   0.00	   0.00	   0.00	   0.00	   0.00	   0.00	   0.00
112	1	0	0.000000	 540.00	   0.00	   0.00	   0.00	   0.00	   0.00	   0.00	   0.00
113	1	0	0.000000	 540.00	   0.00	   0.00	   0.00	   0.00	   0.00	   0.00	   0.00
114	1	0	0.000000	 540.00	   0.00	   0.00	   0.00	   0.00	   0.00	   0.00	   0.00
115	1	0	0.000000	 540.00	   0.00	   0.00	   0.00	   0.00	   0.00	   0.00	   0.00
116	1	0	0.000000	 540.00	   0.00	   0.00	   0.00	   0.00	   0.00	   0.00	   0.00
117	1	0	0.000000	 540.00	   0.00	   0.00	   0.00	   0.00	   0.00	   0.00	   0.00
118	1	0	0.000000	 540.00	   0.00	   0.00	   0.00	   0.00	   0.00	   0.00	   0.00
119	1	0	0.000000	 540.00	   0.00	   0.00	   0.00	   0.00	   0.00	   0.00	   0.00
120	1	0	0.000000	 540.00	   0.00	   0.00	   0.00	   0.00	   0.00	   0.00	   0.00
121	1	0	0.000000	 540.00	   0.00	   0.00	   0.00	   0.00	   0.00	   0.00	   0.00
122	1	0	0.000000	 540.00	   0.00	   0.00	   0.00	   0.00	   0.00	   0.00	   0.00
123	1	0	0.000000	 540.00	   0.00	   0.00	   0.00	   0.00	   0.00	   0.00	   0.00
124	1	0	0.000000	 540.00	   0.00	   0.00	   0.00	   0.00	   0.00	   0.00	   0.00
125	1	0	0.000000	 540.00	   0.00	   0.00	   0.00	   0.00	   0.00	   0.00	   0.00
126	1	0	0.000000	 540.00	   0.00	   0.00	   0.00	   0.00	   0.00	   0.00	   0.00
127	1	0	0.000000	 540.00	   0.00	   0.00	   0.00	   0.00	   0.00	   0.00	   0.00
128	1	0	0.000000	 540.00	   0.00	   0.00	   0.00	   0.00	   0.00	   0.00	   0.00
129	1	0	0.000000	 540.00	   0.00	   0.00	   0.00	   0.00	   0.00	   0.00	   0.00
130	1	0	0.000000	 540.00	   0.00	   0.00	   0.00	   0.00	   0.00	   0.00	   0.00
131	1	0	0.000000	 540.00	   0.00	   0.00	   0.00	   0.00	   0.00	   0.00	   0.00
132	1	0	0.000000	 540.00	   0.00	   0.00	   0.00	   0.00	   0.00	   0.00	   0.00
133	1	0	0.000000	 540.00	   0.00	   0.00	   0.00	   0.00	   0.00	   0.00	   0.00
134	1	0	0.000000	 540.00	   0.00	   0.00	   0.00	   0.00	   0.00	   0.00	   0.00
135	1	0	0.000000	 540.00	   0.00	   0.00	   0.00	   0.00	   0.00	   0.00	   0.00
136	1	0	0.000000	 540.00	   0.00	   0.00	   0.00	   0.00	   0.00	   0.00	   0.00
137	1	0	0.000000	 540.00	   0.00	   0.00	   0.00	   0.00	   0.00	   0.00	   0.00
138	1	0	0.000000	 540.00	   0.00	   0.00	   0.00	   0.00	   0.00	   0.00	   0.00
139	1	0	0.000000	 540.00	   0.00	   0.00	   0.00	   0.00	   0.00	   0.00	   0.00
140	1	0	0.000000	 540.00	   0.00	   0.00	   0.00	   0.00	   0.00	   0.00	   0.00
141	1	0	0.000000	 540.00	   0.00	   0.00	   0.00	   0.00	   0.00	   0.00	   0.00
142	1	0	0.000000	 540.00	   0.00	   0.00	   0.00	   0.00	   0.00	   0.00	   0.00
143	1	0	0.000000	 540.00	   0.00	   0.00	   0.00	   0.00	   0.00	   0.00	   0.00
144	1	0	0.000000	 540.00	   0.00	   0.00	   0.00	   0.00	   0.00	   0.00	   0.00
145	1	0	0.000000	 540.00	   0.00	   0.00	   0.00	   0.00	   0.00	   0.00	   0.00
146	1	0	0.000000	 540.00	   0.00	   0.00	   0.00	   0.00	   0.00	   0.00	   0.00
147	1	0	0.000000	 540.00	   0.00	   0.00	   0.00	   0.00	   0.00	   0.00	   0.00
148	1	0	0.000000	 540.00	   0.00	   0.00	   0.00	   0.00	   0.00	   0.00	   0.00
149	1	0	0.000000	 540.00	   0.00	   0.00	   0.00	   0.00	   0.00	   0.00	   0.00
150	1	0	0.000000	 540.00	   0.00	   0.00	   0.00	   0.00	   0.00	   0.00	   0.00
151	1	0	0.000000	 540.00	   0.00	   0.00	   0.00	   0.00	   0.00	   0.00	   0.00
152	1	0	0.000000	 540.00	   0.00	   0.00	   0.00	   0.00	   0.00	   0.00	   0.00
153	1	0	0.000000	 540.00	   0.00	   0.00	   0.00	   0.00	   0.00	   0.00	   0.00
154	1	0	0.000000	 540.00	   0.00	   0.00	   0.00	   0.00	   0.00	   0.00	   0.00
155	1	0	0.000000	 540.00	   0.00	   0.00	   0.00	   0.00	   0.00	   0.00	   0.00
156	1	0	0.000000	 540.00	   0.00	   0.00	   0.00	   0.00	   0.00	   0.00	   0.00
157	1	0	0.000000	 540.00	   0.00	   0.00	   0.00	   0.00	   0.00	   0.00	   0.00
158	1	0	0.000000	 540.00	   0.00	   0.00	   0.00	   0.00	   0.00	   0.00	   0.00
159	1	0	0.000000	 540.00	   0.00	   0.00	   0.00	   0.00	   0.00	   0.00	   0.00
160	1	0	0.000000	 540.00	   0.00	   0.00	   0.00	   0.00	   0.00	   0.00	   0.00
161	1	0	0.000000	 540.00	   0.00	   0.00	   0.00	   0.00	   0.00	   0.00	   0.00
162	1	0	0.000000	 540.00	   0.00	   0.00	   0.00	   0.00	   0.00	   0.00	   0.00
163	1	0	0.000000	 540.00	   0.00	   0.00	   0.00	   0.00	   0.00	   0.00	   0.00
164	1	0	0.000000	 540.00	   0.00	   0.00	   0.00	   0.00	   0.00	   0.00	   0.00
165	1	0	0.000000	 540.00	   0.00	   0.00	   0.00	   0.00	   0.00	   0.00	   0.00
166	1	0	0.000000	 540.00	   0.00	   0.00	   0.00	   0.00	   0.00	   0.00	   0.00
167	1	0	0.000000	 540.00	   0.00	   0.00	   0.00	   0.00	   0.00	   0.00	   0.00
168	1	0	0.000000	 540.00	   0.00	   0.00	   0.00	   0.00	   0.00	   0.00	   0.00
169	1	0	0.000000	 540.00	   0.00	   0.00	   0.00	   0.00	   0.00	   0.00	   0.00
170	1	0	0.000000	 540.00	   0.00	   0.00	   0.00	   0.00	   0.00	   0.00	   0.00
171	1	0	0.000000	 540.00	   0.00	   0.00	   0.00	   0.00	   0.00	   0.00	   0.00
172	1	0	0.000000	 540.00	   0.00	   0.00	   0.00	   0.00	   0.00	   0.00	   0.00
173	1	0	0.000000	 540.00	   0.00	   0.00	   0.00	   0.00	   0.00	   0.00	   0.00
174	1	0	0.000000	 540.00	   0.00	   0.00	   0.00	   0.00	   0.00	   0.00	   0.00
175	1	0	0.000000	 540.00	   0.00	   0.00	   0.00	   0.00	   0.00	   0.00	   0.00
176	1	0	0.000000	 540.00	   0.00	   0.00	   0.00	   0.00	   0.00	   0.00	   0.00
177	1	0	0.000000	 540.00	   0.00	   0.00	   0.00	   0.00	   0.00	   0.00	   0.00
178	1	0	0.000000	 540.00	   0.00	   0.00	   0.00	   0.00	   0.00	   0.00	   0.00
179	1	0	0.000000	 540.00	   0.00	   0.00	   0.00	   0.00	   0.00	   0.00	   0.00
180	1	0	0.000000	 540.00	   0.00	   0.00	   0.00	   0.00	   0.00	   0.00	   0.00
181	1	0	0.000000	 540.00	   0.00	   0.00	   0.00	   0.00	   0.00	   0.00	   0.00
182	1	0	0.000000	 540.00	   0.00	   0.00	   0.00	   0.00	   0.00	   0.00	   0.00
183	1	0	0.000000	 540.00	   0.00	   0.00	   0.00	   0.00	   0.00	   0.00	   0.00
184	1	0	0.000000	 540.00	   0.00	   0.00	   0.00	   0.00	   0.00	   0.00	   0.00
185	1	0	0.000000	 540.00	   0.00	   0.00	   0.00	   0.00	   0.00	   0.00	   0.00
186	1	0	0.000000	 540.00	   0.00	   0.00	   0.00	   0.00	   0.00	   0.00	   0.00
187	1	0	0.000000	 540.00	   0.00	   0.00	   0.00	   0.00	   0.00	   0.00	   0.00
188	1	0	0.000000	 540.00	   0.00	   0.00	   0.00	   0.00	   0.00	   0.00	   0.00
189	1	0	0.000000	 540.00	   0.00	   0.00	   0.00	   0.00	   0.00	   0.00	   0.00
190	1	0	0.000000	 540.00	   0.00	   0.00	   0.00	   0.00	   0.00	   0.00	   0.00
191	1	0	0.000000	 540.00	   0.00	   0.00	   0.00	   0.00	   0.00	   0.00	   0.00
192	1	0	0.000000	 540.00	   0.00	   0.00	   0.00	   0.00	   0.00	   0.00	   0.00
193	1	0	0.000000	 540.00	   0.00	   0.00	   0.00	   0.00	   0.00	   0.00	   0.00
194	1	0	0.000000	 540.00	   0.00	   0.00	   0.00	   0.00	   0.00	   0.00	   0.00
195	1	0	0.000000	 540.00	   0.00	   0.00	   0.00	   0.00	   0.00	   0.00	   0.00
196	1	0	0.000000	 540.00	   0.00	   0.00	   0.00	   0.00	   0.00	   0.00	   0.00
197	1	0	0.000000	 540.00	   0.00	   0.00	   0.00	   0.00	   0.00	   0.00	   0.00
198	1	0	0.000000	 540.00	   0.00	   0.00	   0.00	   0.00	   0.00	   0.00	   0.00
199	1	0	0.000000	 540.00	   0.00	   0.00	   0.00	   0.00	   0.00	   0.00	   0.00
200	1	0	0.000000	 540.00	   0.00	   0.00	   0.00	   0.00	   0.00	   0.00	   0.00
201	1	0	0.000000	 540.00	   0.00	   0.00	   0.00	   0.00	   0.00	   0.00	   0.00
202	1	0	0.000000	 540.00	   0.00	   0.00	   0.00	   0.00	   0.00	   0.00	   0.00
203	1	0	0.000000	 540.00	   0.00	   0.00	   0.00	   0.00	   0.00	   0.00	   0.00
204	1	0	0.000000	 540.00	   0.00	   0.00	   0.00	   0.00	   0.00	   0.00	   0.00
205	1	0	0.000000	 540.00	   0.00	   0.00	   0.00	   0.00	   0.00	   0.00	   0.00
206	1	0	0.000000	 540.00	   0.00	   0.00	   0.00	   0.00	   0.00	   0.00	   0.00
207	1	0	0.000000	 540.00	   0.00	   0.00	   0.00	   0.00	   0.00	   0.00	   0.00
208	1	0	0.000000	 540.00	   0.00	   0.00	   0.00	   0.00	   0.00	   0.00	   0.00
209	1	0	0.000000	 540.00	   0.00	   0.00	   0.00	   0.00	   0.00	   0.00	   0.00
210	1	0	0.000000	 540.00	   0.00	   0.00	   0.00	   0.00	   0.00	   0.00	   0.00
211	1	0	0.000000	 540.00	   0.00	   0.00	   0.00	   0.00	   0.00	   0.00	   0.00
212	1	0	0.000000	 540.00	   0.00	   0.00	   0.00	   0.00	   0.00	   0.00	   0.00
213	1	0	0.000000	 540.00	   0.00	   0.00	   0.00	   0.00	   0.00	   0.00	   0.00
214	1	0	0.000000	 540.00	   0.00	   0.00	   0.00	   0.00	   0.00	   0.00	   0.00
215	1	0	0.000000	 540.00	   0.00	   0.00	   0.00	   0.00	   0.00	   0.00	   0.00
216	1	0	0.000000	 540.00	   0.00	   0.00	   0.00	   0.00	   0.00	   0.00	   0.00
217	1	0	0.000000	 540.00	   0.00	   0.00	   0.00	   0.00	   0.00	   0.00	   0.00
218	1	0	0.000000	 540.00	   0.00	   0.00	   0.00	   0.00	   0.00	   0.00	   0.00
1 0
0.26E+12 .300000000E+00
1
0.0 0.0 0.0
1.0 0.0 0.0
0.0 1.0 0.0
0.0 0.0 1.0
0.0	0.0	1.0000E+00    0.0 
0.0	0.0
0.0	0.0	0.0	0.0	0.0	0.0
0.0	0.0	0.0	0.0	0.0	0.0
0.0	0.0	0.0	0.0	0.0	0.0
0.0	0.0	0.0	0.0	0.0	0.0
