0 0
1 0 0
0 0 0 0
       21        6   1  # nnode, nelem, nrn, nmate
 
   1     -0.500000    -1.000000 # coordinates according to each node
    2     0.500000    -1.000000 
    3     0.000000    -1.000000 
    4     0.500000     1.000000 
    5     0.500000    -0.500000 
    6     0.500000     0.000000 
    7     0.500000     0.500000 
    8    -0.500000     1.000000 
    9     0.000000     1.000000 
   10    -0.500000     0.500000 
   11    -0.500000     0.000000 
   12    -0.500000    -0.500000 
   13     0.000000     0.000000 
   14    -0.25         -1
   15    -0.25         -0.5
   16     0.25         -1
   17     0.25         -0.5
   18     0.25          1
   19     0.25          0.5
   20    -0.25          1
   21    -0.25          0.5
 
    1     1     3    11   0   14 15 12 0 0 
    2     3     6    11   0   17 13 15 0 0 
    3     3     2    6    0   16  5 17 0 0
    4     6     4    9    0   7  18 19 0 0 
    5     9     11   6    0  21  13 19 0 0 
    6     9     8    11   0   20  10 21 0 0 


1	1	0	0.000000	 540.00	   0.00	   0.00	   0.00	   0.00	   0.00	   0.00	   0.00
2	1	0	0.000000	 540.00	   0.00	   0.00	   0.00	   0.00	   0.00	   0.00	   0.00
3	1	0	0.000000	 540.00	   0.00	   0.00	   0.00	   0.00	   0.00	   0.00	   0.00
4	1	0	0.000000	 540.00	   0.00	   0.00	   0.00	   0.00	   0.00	   0.00	   0.00
5	1	0	0.000000	 540.00	   0.00	   0.00	   0.00	   0.00	   0.00	   0.00	   0.00
6	1	0	0.000000	 540.00	   0.00	   0.00	   0.00	   0.00	   0.00	   0.00	   0.00

1 0

0.26E+10  .300000000E+00
1

0.0	0.0	0.0
1.0	0.0     0.0
0.0	1.0	0.0
0.0	0.0	1.0
0.0	0.0	0.0	0.0	0.0	0.0
0.0     0.0
0.0	0.0	0.0	0.0	0.0	0.0     0.0    0.0
0.0	0.0	0.0	0.0	0.0	0.0     0.0    0.0
0.0	0.0	0.0	0.0	0.0	0.0     0.0    0.0
0.0	0.0	0.0	0.0	0.0	0.0

