44	22	1

1		9.57310	4.20100
2		6.38207	4.20100
3		3.19103	4.20100
4		0.00000	4.20100
5		-3.19103	4.20100
6		-6.38207	4.20100
7		-9.57310	4.20100
8		-9.57310	1.40033
9		-9.57310	-1.40033
10		-9.57310	-4.20100
11		-6.38207	-4.20100
12		-3.19103	-4.20100
13		0.00000	-4.20100
14		3.19103	-4.20100
15		6.38207	-4.20100
16		9.57310	-4.20100
17		9.57310	-1.40033
18		9.57310	1.40033
19		12.10310	4.20100
20		12.10310	6.73100
21		9.57310	6.73100
22		6.38207	6.73100
23		3.19103	6.73100
24		0.00000	6.73100
25		-3.19103	6.73100
26		-6.38207	6.73100
27		-9.57310	6.73100
28		-12.10310	6.73100
29		-12.10310	4.20100
30		-12.10310	1.40033
31		-12.10310	-1.40033
32		-12.10310	-4.20100
33		-12.10310	-6.73100
34		-9.57310	-6.73100
35		-6.38207	-6.73100
36		-3.19103	-6.73100
37		0.00000	-6.73100
38		3.19103	-6.73100
39		6.38207	-6.73100
40		9.57310	-6.73100
41		12.10310	-6.73100
42		12.10310	-4.20100
43		12.10310	-1.40033
44		12.10310	1.40033


    1		18	44	19	1	0	0	0	0	0	
    2		1	19	20	21	0	0	0	0	0	
    3		1	21	22	2	0	0	0	0	0	
    4		2	22	23	3	0	0	0	0	0	
    5		3	23	24	4	0	0	0	0	0	
    6		4	24	25	5	0	0	0	0	0	
    7		5	25	26	6	0	0	0	0	0	
    8		6	26	27	7	0	0	0	0	0	
    9		7	27	28	29	0	0	0	0	0	
    10		7	29	30	8	0	0	0	0	0	
    11		8	30	31	9	0	0	0	0	0	
    12		9	31	32	10	0	0	0	0	0	
    13		10	32	33	34	0	0	0	0	0	
    14		10	34	35	11	0	0	0	0	0	
    15		11	35	36	12	0	0	0	0	0	
    16		12	36	37	13	0	0	0	0	0	
    17		13	37	38	14	0	0	0	0	0	
    18		14	38	39	15	0	0	0	0	0	
    19		15	39	40	16	0	0	0	0	0	
    20		16	40	41	42	0	0	0	0	0	
    21		16	42	43	17	0	0	0	0	0	
    22		17	43	44	18	0	0	0	0	0
	22		17	43	44	18	0	0	0	0	0	

1		1	45	0.00	0.00	0.00	0.00	0.00	0.00	0.00	0.00	0.00	
2		1	45	0.00	0.00	0.00	0.00	0.00	0.00	0.00	0.00	0.00	
3		1	45	0.00	0.00	0.00	0.00	0.00	0.00	0.00	0.00	0.00	
4		1	45	0.00	0.00	0.00	0.00	0.00	0.00	0.00	0.00	0.00	
5		1	45	0.00	0.00	0.00	0.00	0.00	0.00	0.00	0.00	0.00	
6		1	45	0.00	0.00	0.00	0.00	0.00	0.00	0.00	0.00	0.00	
7		1	45	0.00	0.00	0.00	0.00	0.00	0.00	0.00	0.00	0.00	
8		1	45	0.00	0.00	0.00	0.00	0.00	0.00	0.00	0.00	0.00	
9		1	45	0.00	0.00	0.00	0.00	0.00	0.00	0.00	0.00	0.00	
10		1	45	0.00	0.00	0.00	0.00	0.00	0.00	0.00	0.00	0.00	
11		1	45	0.00	0.00	0.00	0.00	0.00	0.00	0.00	0.00	0.00	
12		1	45	0.00	0.00	0.00	0.00	0.00	0.00	0.00	0.00	0.00	
13		1	45	0.00	0.00	0.00	0.00	0.00	0.00	0.00	0.00	0.00	
14		1	45	0.00	0.00	0.00	0.00	0.00	0.00	0.00	0.00	0.00	
15		1	45	0.00	0.00	0.00	0.00	0.00	0.00	0.00	0.00	0.00	
16		1	45	0.00	0.00	0.00	0.00	0.00	0.00	0.00	0.00	0.00	
17		1	45	0.00	0.00	0.00	0.00	0.00	0.00	0.00	0.00	0.00	
18		1	45	0.00	0.00	0.00	0.00	0.00	0.00	0.00	0.00	0.00	
19		1	45	0.00	0.00	0.00	0.00	0.00	0.00	0.00	0.00	0.00	
20		1	45	0.00	0.00	0.00	0.00	0.00	0.00	0.00	0.00	0.00	
21		1	45	0.00	0.00	0.00	0.00	0.00	0.00	0.00	0.00	0.00	
22		1	45	0.00	0.00	0.00	0.00	0.00	0.00	0.00	0.00	0.00	

1  MatPropAluminum