0.000000000000000000e+00 1.494504115244506226e+11 1.496007363607639160e+11 8.740374638902871704e+10 4.603666220609295654e+10 3.126422851645940227e+03
5.000000000000000278e-02 1.023251916046643066e+11 9.188754380858901978e+10 5.409492540179048920e+10 3.373499610595794678e+10 2.202774512727480214e+03
1.000000000000000056e-01 7.062558379085827637e+10 5.233183781759572601e+10 2.573077363199535751e+10 2.737369706003283691e+10 1.694927096527486128e+03
1.499999999999999944e-01 5.032658921236453247e+10 2.792283667513502502e+10 8.698066015169525146e+09 2.265814915199803162e+10 1.051162400821833444e+03
2.000000000000000111e-01 3.928686785258528900e+10 2.177574847329240036e+10 3.225043779144569397e+09 2.043124342613235474e+10 6.688425852434905892e+02
2.500000000000000000e-01 3.384679163360290909e+10 1.560702207478291130e+10 1.380672578316682339e+09 1.993998268131715012e+10 5.130113033044281110e+02
2.999999999999999889e-01 3.211746404787760162e+10 1.336449462224692535e+10 8.489924378328385353e+08 2.080031287769842911e+10 4.642037818612427031e+02
3.499999999999999778e-01 2.836867700851341629e+10 1.066486991209544754e+10 6.182683789525835514e+08 2.129885710311140060e+10 4.411826616377728101e+02
4.000000000000000222e-01 2.631412785022986984e+10 8.537289607667430878e+09 4.982190853964099884e+08 2.124320433575548935e+10 4.222124584197891295e+02
4.500000000000000111e-01 2.306199579493017578e+10 6.548898121642617226e+09 3.895656526166546941e+08 2.050153481812473297e+10 3.974581727799890700e+02
5.000000000000000000e-01 2.049773089617610168e+10 4.893212507919226646e+09 3.050940555903131962e+08 1.975809848422684479e+10 3.744504571233714501e+02
5.500000000000000444e-01 1.733753158005143738e+10 3.604099303742429256e+09 2.309295127172302008e+08 1.887824859192601395e+10 3.517815620353451322e+02
5.999999999999999778e-01 1.342915447775893211e+10 2.655058240929038048e+09 1.769456998795905113e+08 1.744253121395164490e+10 3.058602344018653980e+02
6.500000000000000222e-01 9.828173592022480011e+09 1.917927760892966270e+09 1.332252454082311541e+08 1.571157737984191513e+10 2.560684809294097022e+02
6.999999999999999556e-01 7.251440455682775497e+09 1.353742404537456036e+09 1.022270960187530965e+08 1.397546797192132378e+10 2.222539310073976537e+02
7.500000000000000000e-01 4.734353231818149567e+09 8.381094508760063648e+08 7.258048546968010068e+07 1.092904849095875359e+10 1.770122473751949030e+02
8.000000000000000444e-01 2.574104635284062862e+09 4.662827229818583131e+08 5.243143444459534436e+07 7.242003523719665527e+09 1.266696097971474728e+02
8.499999999999999778e-01 1.254997708857488871e+09 2.431611483119913638e+08 3.085236827648810670e+07 4.446593061668704033e+09 8.153047913405562497e+01
9.000000000000000222e-01 5.770470270748481750e+08 1.132982791657549888e+08 1.711578996301864460e+07 2.595631987412972927e+09 5.152175388006344292e+01
9.499999999999999556e-01 1.988809157275144458e+08 3.639215976137699932e+07 8.130801441477548331e+06 1.122885384599677563e+09 3.121535402198816911e+01
1.000000000000000000e+00 2.234732638779631350e+06 2.115677075043255754e+05 1.075453677548408014e+05 1.199541326106469780e+08 5.463446132570220826e+00
