AREA_R250	
1.000000000	0.000000000
0.999997498	0.000150019
0.999991026	0.000299998
0.999980598	0.000449817
0.999966234	0.000599359
0.999944529	0.000747161
0.999917196	0.000894635
0.999885060	0.001041134
0.999848156	0.001186500
0.999806524	0.001330581
0.999760208	0.001473223
0.999709260	0.001614277
0.999653736	0.001753592
0.999593695	0.001891023
0.999529203	0.002026425
0.999460331	0.002159655
0.999387153	0.002290572
0.999309748	0.002419041
0.999228200	0.002544924
0.999142597	0.002668089
0.999053030	0.002788407
0.998959597	0.002905751
0.998862396	0.003019996
0.998761531	0.003131023
0.998657111	0.003238712
0.998549245	0.003342951
0.998438049	0.003443629
0.998323640	0.003540637
0.998206139	0.003633874
0.998085670	0.003723238
0.997962360	0.003808634
0.997836340	0.003889971
0.997707742	0.003967161
0.997576701	0.004040120
0.997443356	0.004108770
0.997307847	0.004173036
0.997170316	0.004232848
0.997030908	0.004288141
0.996889770	0.004338854
0.996747051	0.004384932
0.996602902	0.004426326
0.996457475	0.004462989
0.996310924	0.004494881
0.996163405	0.004521969
0.996015074	0.004544224
0.995866091	0.004561621
0.995716613	0.004574144
0.995566801	0.004581781
0.995416818	0.004584525
0.995266533	0.004584078
0.995116534	0.004583565
0.994116540	0.004580142
0.993116546	0.004576720
0.992116552	0.004573298
0.991116558	0.004569876
0.990116563	0.004566453
0.989116569	0.004563031
0.988116575	0.004559609
0.987116581	0.004556187
0.986116587	0.004552764
0.985116593	0.004549342
0.984116599	0.004545920
0.983116604	0.004542498
0.982116610	0.004539075
0.981116616	0.004535653
0.980116622	0.004532231
0.979116628	0.004528809
0.978116634	0.004525386
0.977116640	0.004521964
0.976116645	0.004518542
0.975116651	0.004515119
0.974116657	0.004511697
0.973116663	0.004508275
0.972116669	0.004504853
0.971116675	0.004501430
0.970116681	0.004498008
0.969116686	0.004494586
0.968116692	0.004491164
0.967116698	0.004487741
0.966116704	0.004484319
0.965116710	0.004480897
0.964116716	0.004477475
0.963116722	0.004474052
0.962116727	0.004470630
0.961116733	0.004467208
0.960116739	0.004463786
0.959117017	0.004479595
0.958119413	0.004545425
0.957126339	0.004661111
0.956140208	0.004826060
0.955163432	0.005039679
0.954198423	0.005301375
0.953247595	0.005610554
0.952313360	0.005966625
0.951398130	0.006368993
0.950503448	0.006817063
0.949605681	0.007257247
0.948687002	0.007651927
0.947749779	0.008000326
0.946796378	0.008301666
0.945829169	0.008555169
0.944850518	0.008760058
0.943863141	0.008918778
0.942874209	0.009067142
0.941885255	0.009215367
0.940896281	0.009363452
0.939907286	0.009511397
0.938918271	0.009659202
0.937929234	0.009806867
0.936940177	0.009954391
0.935951099	0.010101775
0.931005388	0.010836574
0.926059155	0.011567813
0.921112393	0.012295449
0.916165098	0.013019438
0.911217268	0.013739741
0.906268898	0.014456324
0.901319986	0.015169163
0.896370451	0.015878253
0.891420447	0.016583588
0.886469921	0.017285272
0.881518889	0.017983390
0.876567364	0.018678017
0.871615358	0.019369216
0.866662881	0.020057044
0.861709944	0.020741546
0.856756553	0.021422761
0.851802715	0.022100719
0.846848435	0.022775443
0.841893719	0.023446951
0.836938571	0.024115255
0.831982992	0.024780362
0.827026986	0.025442275
0.822070554	0.026100993
0.817113699	0.026756513
0.812156420	0.027408828
0.807198720	0.028057932
0.802240598	0.028703815
0.797282057	0.029346469
0.792323096	0.029985886
0.787363717	0.030622057
0.782403922	0.031254979
0.777443712	0.031884645
0.772483091	0.032511058
0.767522389	0.033134154
0.762560938	0.033753822
0.757599054	0.034370010
0.752636744	0.034982752
0.747674013	0.035592078
0.742710867	0.036198012
0.737747311	0.036800577
0.732783347	0.037399788
0.727818982	0.037995657
0.722854216	0.038588193
0.717889054	0.039177401
0.712923497	0.039763280
0.707957548	0.040345829
0.702991208	0.040925039
0.698024478	0.041500902
0.693057359	0.042073404
0.688089852	0.042642528
0.683121957	0.043208254
0.678153674	0.043770559
0.673185001	0.044329419
0.668215940	0.044884804
0.663246488	0.045436683
0.658276645	0.045985023
0.653306409	0.046529788
0.648335779	0.047070939
0.643364753	0.047608437
0.638393330	0.048142237
0.633421507	0.048672296
0.628449282	0.049198567
0.623476653	0.049721002
0.618503619	0.050239552
0.613530175	0.050754164
0.608556322	0.051264785
0.603582055	0.051771363
0.598607373	0.052273842
0.593632273	0.052772165
0.588656754	0.053266276
0.583680812	0.053756116
0.578704445	0.054241626
0.573727653	0.054722748
0.568750432	0.055199421
0.563772781	0.055671585
0.558794698	0.056139180
0.553816181	0.056602145
0.548837231	0.057060420
0.543857844	0.057513944
0.538878020	0.057962657
0.533897760	0.058406498
0.528917062	0.058845408
0.523935925	0.059279329
0.518954352	0.059708201
0.513972341	0.060131967
0.508989894	0.060550570
0.504007012	0.060963955
0.499023696	0.061372066
0.494039947	0.061774821
0.489055766	0.062172111
0.484071151	0.062563828
0.479086101	0.062949863
0.474100616	0.063330107
0.469114694	0.063704452
0.464128335	0.064072791
0.459141537	0.064435013
0.454154300	0.064791009
0.449166622	0.065140669
0.444178502	0.065483880
0.439189940	0.065820531
0.434200935	0.066150505
0.429211487	0.066473686
0.424221596	0.066789956
0.419231262	0.067099194
0.414240486	0.067401276
0.409249270	0.067696077
0.404257614	0.067983467
0.399265521	0.068263314
0.394272994	0.068535482
0.389280037	0.068799832
0.384286651	0.069056220
0.379292844	0.069304500
0.374298620	0.069544519
0.369303984	0.069776121
0.364308945	0.069999145
0.359313509	0.070213425
0.354317687	0.070418790
0.349321486	0.070615063
0.344324919	0.070802061
0.339327996	0.070979596
0.334330730	0.071147473
0.329333136	0.071305492
0.324335229	0.071453444
0.319337024	0.071591116
0.314338540	0.071718285
0.309339794	0.071834723
0.304340808	0.071940193
0.299341603	0.072034452
0.294342202	0.072117247
0.289342630	0.072188318
0.284342912	0.072247397
0.279343076	0.072294205
0.274343151	0.072328456
0.269343168	0.072349855
0.264343160	0.072358098
0.259343161	0.072352869
0.254343206	0.072333845
0.249343335	0.072300691
0.244343585	0.072253063
0.239343849	0.072190792
0.234344420	0.072114406
0.229345239	0.072023691
0.224346371	0.071918163
0.219347878	0.071797166
0.214349826	0.071659874
0.209352291	0.071505303
0.204355362	0.071332314
0.199359143	0.071139620
0.194363764	0.070925795
0.189369377	0.070689279
0.184376166	0.070428383
0.179384353	0.070141301
0.174394196	0.069826111
0.169405998	0.069480784
0.164420111	0.069103192
0.159436940	0.068691114
0.154456947	0.068242242
0.149480655	0.067754186
0.144508655	0.067224485
0.139541607	0.066650612
0.134580247	0.066029978
0.129625390	0.065359942
0.124677936	0.064637818
0.119738872	0.063860879
0.114809278	0.063026364
0.109890331	0.062131488
0.104983313	0.061173446
0.100089607	0.060149420
0.095210711	0.059056586
0.090347531	0.057892318
0.085502809	0.056654638
0.080678221	0.055340490
0.075876159	0.053946515
0.071099310	0.052468922
0.066350730	0.050903477
0.061633912	0.049245482
0.056952862	0.047489764
0.052312173	0.045630657
0.047717094	0.043661985
0.043173602	0.041577050
0.038688480	0.039368612
0.034269384	0.037028878
0.029927743	0.034548458
0.025679962	0.031913619
0.021541952	0.029107009
0.017539115	0.026110101
0.013705200	0.022902493
0.010082310	0.019461906
0.006719898	0.015757984
0.003748439	0.011737381
0.001440325	0.007313042
0.000156957	0.002493415
0.000186716	-0.002485316
0.001796700	-0.007197208
0.004732319	-0.011227789
0.008517543	-0.014480003
0.012838708	-0.016983242
0.017430260	-0.018963516
0.022147494	-0.020617244
0.026936360	-0.022053761
0.031776474	-0.023317512
0.036652663	-0.024424113
0.041553250	-0.025400492
0.046473933	-0.026284663
0.051406908	-0.027097023
0.056348509	-0.027856240
0.061296067	-0.028576139
0.066247754	-0.029266476
0.071202421	-0.029933702
0.076159441	-0.030581727
0.081118548	-0.031212694
0.086085006	-0.031828392
0.091048862	-0.032428485
0.096014347	-0.033014954
0.100981107	-0.033590536
0.105948566	-0.034160054
0.110916294	-0.034726930
0.115884442	-0.035289819
0.120853097	-0.035848209
0.125822344	-0.036401514
0.130792264	-0.036949084
0.135762933	-0.037490218
0.140734424	-0.038024172
0.145706802	-0.038550165
0.150680131	-0.039067395
0.155654466	-0.039575045
0.160629858	-0.040072293
0.165606352	-0.040558320
0.170583986	-0.041032326
0.175562794	-0.041493531
0.180542800	-0.041941191
0.185524024	-0.042374605
0.190506476	-0.042793125
0.195490161	-0.043196167
0.200475075	-0.043583218
0.205461206	-0.043953849
0.210448534	-0.044307721
0.215437030	-0.044644598
0.220426657	-0.044964355
0.225417369	-0.045266987
0.230409109	-0.045552620
0.235401813	-0.045821522
0.240395404	-0.046074107
0.245389799	-0.046310953
0.250384901	-0.046532803
0.255380354	-0.046740571
0.260376540	-0.046935031
0.265373173	-0.047116417
0.270370221	-0.047284980
0.275367652	-0.047440969
0.280365435	-0.047584626
0.285363542	-0.047716190
0.290361943	-0.047835896
0.295360611	-0.047943973
0.300359520	-0.048040646
0.305358644	-0.048126135
0.310357957	-0.048200658
0.315357436	-0.048264427
0.320357057	-0.048317649
0.325356799	-0.048360529
0.330356638	-0.048393265
0.335356556	-0.048416055
0.340356530	-0.048429089
0.345356543	-0.048432555
0.350356576	-0.048426636
0.355356611	-0.048411513
0.360356631	-0.048387361
0.365356620	-0.048354353
0.370356562	-0.048312656
0.375356442	-0.048262436
0.380356245	-0.048203854
0.385355959	-0.048137067
0.390355571	-0.048062229
0.395355067	-0.047979490
0.400354436	-0.047888997
0.405353668	-0.047790894
0.410352751	-0.047685320
0.415351675	-0.047572414
0.420350432	-0.047452307
0.425349012	-0.047325131
0.430347407	-0.047191012
0.435345608	-0.047050075
0.440343610	-0.046902441
0.445341404	-0.046748227
0.450338984	-0.046587548
0.455336345	-0.046420517
0.460333481	-0.046247242
0.465330386	-0.046067830
0.470327057	-0.045882383
0.475323489	-0.045691003
0.480319677	-0.045493788
0.485315619	-0.045290833
0.490311311	-0.045082230
0.495306751	-0.044868071
0.500301935	-0.044648442
0.505296863	-0.044423428
0.510291531	-0.044193114
0.515285938	-0.043957578
0.520280083	-0.043716898
0.525273965	-0.043471152
0.530267583	-0.043220412
0.535260936	-0.042964750
0.540254023	-0.042704235
0.545246846	-0.042438934
0.550239403	-0.042168912
0.555231695	-0.041894233
0.560223722	-0.041614957
0.565215484	-0.041331145
0.570206982	-0.041042853
0.575198216	-0.040750138
0.580189188	-0.040453052
0.585179899	-0.040151649
0.590170348	-0.039845979
0.595160537	-0.039536091
0.600150467	-0.039222032
0.605140139	-0.038903849
0.610129555	-0.038581585
0.615118714	-0.038255284
0.620107619	-0.037924987
0.625096269	-0.037590735
0.630084666	-0.037252567
0.635072812	-0.036910520
0.640060705	-0.036564631
0.645048349	-0.036214937
0.650035742	-0.035861470
0.655022885	-0.035504264
0.660009779	-0.035143353
0.664996424	-0.034778766
0.669982820	-0.034410536
0.674968966	-0.034038691
0.679954863	-0.033663261
0.684940510	-0.033284274
0.689925906	-0.032901756
0.694911051	-0.032515735
0.699895942	-0.032126238
0.704880578	-0.031733289
0.709864958	-0.031336914
0.714849080	-0.030937138
0.719832940	-0.030533984
0.724816538	-0.030127477
0.729799868	-0.029717640
0.734782929	-0.029304496
0.739765716	-0.028888068
0.744748225	-0.028468380
0.749730452	-0.028045453
0.754712392	-0.027619312
0.759694039	-0.027189977
0.764675387	-0.026757472
0.769656432	-0.026321819
0.774637165	-0.025883041
0.779617588	-0.025440999
0.784597686	-0.024995366
0.789577470	-0.024546236
0.794556947	-0.024093705
0.799536123	-0.023637852
0.804515003	-0.023178738
0.809493588	-0.022716413
0.814471879	-0.022250909
0.819449877	-0.021782246
0.824427580	-0.021310433
0.829404984	-0.020835466
0.834382086	-0.020357333
0.839358881	-0.019876011
0.844335364	-0.019391471
0.849311528	-0.018903675
0.854287366	-0.018412581
0.859262871	-0.017918140
0.864238035	-0.017420301
0.869212851	-0.016919008
0.874187309	-0.016414205
0.879161402	-0.015905835
0.884135123	-0.015393840
0.889108462	-0.014878164
0.894081413	-0.014358752
0.899053969	-0.013835555
0.904025941	-0.013308571
0.908997749	-0.012778344
0.913969235	-0.012245080
0.918940386	-0.011708694
0.923911191	-0.011169099
0.928881636	-0.010626208
0.933851709	-0.010079936
0.934845678	-0.009970268
0.935839631	-0.009860461
0.936833568	-0.009750514
0.937827490	-0.009640426
0.938821395	-0.009530196
0.939815286	-0.009419825
0.940809160	-0.009309310
0.941803018	-0.009198652
0.942796860	-0.009087850
0.943790686	-0.008976903
0.944783584	-0.008858338
0.945770032	-0.008695111
0.946747100	-0.008482790
0.947712400	-0.008222086
0.948663545	-0.007913713
0.949598148	-0.007558382
0.950513822	-0.007156805
0.951411976	-0.006716883
0.952323655	-0.006306448
0.953254778	-0.005942293
0.954202928	-0.005624999
0.955165688	-0.005355147
0.956140641	-0.005133318
0.957125371	-0.004960093
0.958117461	-0.004836055
0.959114493	-0.004761783
0.960114650	-0.004737625
0.961114644	-0.004734203
0.962114638	-0.004730781
0.963114633	-0.004727359
0.964114627	-0.004723936
0.965114621	-0.004720514
0.966114615	-0.004717092
0.967114609	-0.004713670
0.968114603	-0.004710247
0.969114597	-0.004706825
0.970114592	-0.004703403
0.971114586	-0.004699981
0.972114580	-0.004696558
0.973114574	-0.004693136
0.974114568	-0.004689714
0.975114562	-0.004686292
0.976114556	-0.004682869
0.977114551	-0.004679447
0.978114545	-0.004676025
0.979114539	-0.004672602
0.980114533	-0.004669180
0.981114527	-0.004665758
0.982114521	-0.004662336
0.983114515	-0.004658913
0.984114510	-0.004655491
0.985114504	-0.004652069
0.986114498	-0.004648647
0.987114492	-0.004645224
0.988114486	-0.004641802
0.989114480	-0.004638380
0.990114474	-0.004634958
0.991114469	-0.004631535
0.992114463	-0.004628113
0.993114457	-0.004624691
0.994114451	-0.004621269
0.994264450	-0.004620755
0.994414449	-0.004620242
0.994564448	-0.004619729
0.994714447	-0.004619215
0.994864447	-0.004618702
0.995014446	-0.004618189
0.995164445	-0.004617675
0.995314444	-0.004617162
0.995464442	-0.004616466
0.995614373	-0.004612169
0.995764081	-0.004602984
0.995913404	-0.004588916
0.996062184	-0.004569980
0.996210260	-0.004546196
0.996357475	-0.004517587
0.996503672	-0.004484184
0.996648697	-0.004446025
0.996792395	-0.004403150
0.996934615	-0.004355605
0.997075207	-0.004303444
0.997214022	-0.004246722
0.997350915	-0.004185502
0.997485741	-0.004119850
0.997618358	-0.004049838
0.997748627	-0.003975542
0.997876411	-0.003897041
0.998001574	-0.003814421
0.998123987	-0.003727770
0.998243518	-0.003637182
0.998360043	-0.003542754
0.998473438	-0.003444586
0.998583584	-0.003342784
0.998690363	-0.003237455
0.998793663	-0.003128712
0.998893373	-0.003016669
0.998989387	-0.002901446
0.999081603	-0.002783164
0.999169923	-0.002661948
0.999254251	-0.002537925
0.999334497	-0.002411228
0.999410574	-0.002281988
0.999482401	-0.002150343
0.999549898	-0.002016429
0.999612995	-0.001880390
0.999671620	-0.001742367
0.999725711	-0.001602506
0.999775209	-0.001460954
0.999820059	-0.001317861
0.999860212	-0.001173378
0.999895626	-0.001027657
0.999926260	-0.000880853
0.999952083	-0.000733122
0.999971955	-0.000583452
0.999984988	-0.000432207
0.999993830	-0.000284325
0.999998860	-0.000134419
1.000000000	0.000000000
